1001100101000001001000100000000001
0010001000000000000000100000000010
0000100100000000100000010000000011
1000001000010011011000100001011000
1000000000010011011000011001011000
1000100101000000001000010100111001
0010001000000000000000100011111011
1001100101000000001000100100000110
1001100101010010101010100100001001
0010001110100100000000100011111011
0000100000100000100000000000001011
0100010000001000011100100000000111
0100100110101000011100000000000111
1001100101010010101000100100001001
1000100101000001001000010000001111
0000010000000000100011100000000111
0000100111000000000000010000010001
0100001000000000011101000000000111
1001100101010010001010011100001001
1001100101010010001001001100001001
0000100000100000000000111000010101
1001101101000000001001100100000110
1001100101000000001000100100010111
0010001000000000000000100011111011
0000000000000000000000100001111000
